%YAML:1.0
---
K: !!opencv-matrix
   rows: 3
   cols: 3
   dt: d
   data: [ 1.4410530496500762e+03, 0., 5.8054275441044490e+02, 0.,
       1.3904800078617386e+03, 3.1023846808918717e+02, 0., 0., 1. ]
D: !!opencv-matrix
   rows: 1
   cols: 5
   dt: d
   data: [ 6.4871707957232294e-02, 1.1728360374091704e+00,
       9.0516865338386241e-03, -1.0905105293643060e-02,
       -1.1783811433189356e+01 ]
